1, Poland, 42, 41, 17
3, Albania, 33, 44, 23
5, China, 64, 33, 3
6, Mongolia, 10, 63, 27
9, Brazil, 18, 72, 10
13, Czech Republic, 5, 32, 63
17, Indonesia, 8, 52, 40
23, Egypt, 12, 34, 54
24, Poland, 20, 62, 18
30, Barbados, 30, 57, 13
36, Greece, 39, 42, 19
48, Argentina, 1, 90, 9
53, Jordan, 3, 46, 51
54, Netherlands, 10, 43, 47
65, New Zealand, 54, 36, 10
81, Nigeria, 22, 32, 46
86, Senegal, 44, 51, 5
88, Mexico, 7, 61, 32
97, Spain, 11, 79, 10
